label_id	feature 1	feature 2	feature 3	feature 4	feature 5	feature 6	feature 7	feature 8	feature 9	feature 10	feature 11	feature 12	feature 13	feature 14	feature 15	feature 16	feature 17	feature 18	feature 19	feature 20
1	-5.810529039559822	-4.1298446834809726	-0.6011681703803331	0.4874679490282886	-0.1646333600003378	-0.5923652427141636	-0.1575405933283161	1.0900878423013165	-1.5518925695015158	-0.1858563039625679	0.3679986714468342	-0.1653769819764797	0.7676626310933072	0.1672053752519601	0.0173132669131949	0.3576839849414094	0.2097864080048606	-0.0831067398164948	-0.0813670410868114	0.1094066305244316
2	2.6759045667508747	0.6700411521867933	-0.7508666077791839	0.886655382558221	0.8986832242495262	-1.2448895533161397	-1.7349237673668534	0.3839648189014121	0.441545422441447	-0.967368183324652	0.817571475886838	0.0565816941424235	-0.0203435572732891	-0.1609338766517848	0.2219979598510382	1.0159499136247034	0.7997572203587149	-0.6454797585606455	-0.3579141780752643	0.1274074305276397
3	4.940440740333665	-0.7248067863346066	-0.6956821328361305	-3.0971968750337164	0.5867162206379217	-0.5971384280292581	0.7846811769948631	-0.8572550844363657	0.4017625991874016	-0.6467968237892752	-0.3719161478022715	0.6080714940821249	-0.5061644239551346	0.3751940293126283	0.1314451549343255	0.22460109690440805	-0.2644056110921537	0.3650135532002246	-0.4595229965343379	0.3900302904751029
4	-3.5566950301081537	-3.1081762093842102	-0.0015772579220918	-2.0009429932081715	-0.4570346666257938	-0.6105895093166297	1.0008919820080209	0.3936392852046694	0.5933778280501846	0.4586516592750701	1.4697995948794038	-1.1417406349816561	0.1136709260179301	-0.3451239513642923	-0.0963647544966795	-0.5443634973663226	0.5878914176617884	-0.6962174056367009	0.6360479800815403	0.6009894005039611
5	-10.611643681058496	1.087116517494739	1.1253184447547586	-0.3482969054410224	-1.4659029661274388	1.0150543886040837	-1.7065075434232495	1.7206598847382544	-0.3000036279578703	-0.8887159846684821	-0.2828105304998546	0.0697428880643037	0.3934782717410409	0.8824418841665599	-0.7579337125566215	0.1322278018842141	0.1312577616434607	-1.4233457911201133	-0.0801352147433282	0.6068622329386032
6	-0.3022184047349818	1.2358654338878579	-1.4376049777143542	-1.0329843923293984	1.5292680794920144	-0.2644053459051423	1.243914225824818	0.9881091507867096	0.526897320262035	1.9512214666076435	-0.4117679632087188	-0.7129266168103309	-0.9427784740335776	-1.1197981866402986	0.3245427927645319	-0.3866217824602865	-0.1696115908278486	-0.4603061336657922	-0.0880975081740929	0.0465749407418377
7	0.0636193063128466	-2.371703412209856	-1.0589626450653882	-1.1645620592040182	0.1646993263745901	0.168355295479053	-1.0304498522468442	0.1890323868699791	-1.1783300394666032	-0.550301339620482	1.7573148821733475	-0.3476848494538577	0.0228811053828545	0.3473881468954843	0.2005987441918931	-0.7612737982205252	-0.273207071602317	0.4030845331108769	-0.17942847089618102	-0.6431281290020814
8	2.964477730522933	-0.2155606193835101	0.0744044529958416	-0.4346026525636176	-0.2037269397375734	-0.3076331686825435	-0.67939552436177	1.0607094160630235	1.4422506130806698	-0.2342107710480076	0.2426157798781742	1.0276822404754284	-0.472498359698522	-0.4132500566915312	0.6542160062160729	-0.1245017366620951	-0.498968362933947	0.1929787315383673	0.2741798131824127	0.5393803835082229
9	-1.9084420878135748	2.6250266811211613	-0.6767723094792046	-2.029560312869412	0.7740885332055888	-1.1576267639908728	0.3416264722052557	1.5605320208336528	0.0492965499757425	0.1745113258470815	0.2657339427695663	-0.6609496384713748	-0.337892466920913	-0.1747842688635296	0.0570950575148018	-0.1397722242221984	-0.2570136077493692	0.406405750763499	-1.0415022310962447	0.3586020016382523
10	0.0907910991568521	-3.0893514050030824	0.6936933825319743	-1.9580785854995688	-0.2135318911981602	0.1303197958512122	-0.3930315307442548	1.4826038749412067	-0.7519657131116114	-0.1553929590937682	1.6157489505211091	-1.122243980996215	-0.4249388228240037	0.1435163086039407	0.6084039674700826	0.0775162554647387	0.0833231907992793	0.1848232837896486	-0.2533311224384595	0.5600956783735987
11	-1.6236466092211639	8.806271437777252	-0.6469111158365409	-0.04614652792829401	-0.7901726350287165	1.4497130987164435	0.47991249452955204	-1.68363705103311	-0.4912576154776341	-0.2274784100813675	0.7488313644388409	-0.3566977122592452	-1.4263645349424214	-0.7655278986601229	-0.370908375831033	-0.1998655802356729	-0.5208778675665153	0.3133090844459062	0.8602627783194131	0.5836591559857118
12	-0.0022554907446985	-3.452052436042533	-0.1812837226967854	0.4330861739558987	-0.3526056196960661	0.7014516606409436	-0.4360171835289438	0.7577754863458773	-0.1918389486514921	0.2790822487993437	1.42265344365715	-0.1667073827802727	-0.2771632602714484	-0.0848308789775803	-0.7019376104456514	-0.5105524789491005	-1.001899363928971	0.2353376702983657	-0.2285228598213839	-0.2894959633931655
13	-6.668550974763273	6.057076015183071	0.6545358989655291	0.6086819973222394	0.0195355645687706	1.1369529053200602	-0.6039147583500633	0.6009584335766587	-0.7073343606900333	-0.636153063831588	0.3998497287332705	-1.3394330369289549	0.41805225656622996	0.0449746750393009	0.3550216950205072	-0.4105340749694739	0.2262065432559539	-1.0096502626405262	-1.1748411603581368	-0.1211719698433196
14	3.2216603423561962	4.607711740610376	0.3864278006693974	-1.5444797895562112	-0.4372593853507372	-0.9758173571946764	0.3892095502888628	0.1569470775581544	0.7938766597977893	-0.0678674987732384	-1.0873561790459076	0.2262528222089014	-0.3331323158562156	-0.9623009535530591	0.2546186733559819	-0.0448959635791496	0.6874543488268371	0.0234307264971885	0.5836177804750503	0.125271885860929
15	1.0398876611173204	4.490485815922772	-0.6861740133450057	-2.6736280963704044	0.1257217382991547	0.4176765833764851	-0.0232109657338812	-0.401809584966592	0.4293505595362892	0.6204296632045595	-0.1798967510843416	0.4248406092320627	-0.1585313144325125	0.0029251919566129	0.1584736665359409	0.7211298446505028	0.6868536559990911	-0.4879508156653261	-0.8499685640256821	-0.0315461646225023
16	-3.8857245087726784	1.2292071715325377	1.0951152757215838	-0.741367846177559	0.6130696540664607	-0.3698724720982538	-0.3435188404962105	-0.4337804973228135	-0.0035616704144872	1.7650166447841429	-0.7632817306767088	-1.0488285898673215	0.1550728375790639	0.1302922188822544	0.2386300942520249	-0.2506981970140965	-0.0882119992421893	0.1387049250637533	-0.0809195087690943	0.1244617023812241
17	-8.179801117770905	11.96698090246248	6.073798294746339	-1.0341848478122029	-0.3394337747758496	4.0176672289219315	-0.8191976784637409	1.2831031425846091	-0.4046591595476927	-2.5247276331232067	0.4743744916356715	-0.6115296993233654	-0.6417800458165389	0.9801051839259302	-0.0966997831604264	-0.7524186320284516	0.008215285460635999	-0.6157534707901348	-0.4887508508498911	-0.2994724515474798
18	-9.250901791170477	-1.6536863518545255	1.4699750443897035	-0.4411262004420228	-1.876519756966356	0.4521500281718204	-1.2761062554931113	1.3984524546669312	0.0578723936728892	-0.8167639834691435	-0.1083596109608836	1.1999695551862062	0.6028221817962954	0.5392365022107111	-0.7005163434366721	0.2557852471508836	0.1385213120152044	-0.0727073386421517	0.1133551943592434	1.5147622824439944
19	-3.9153701556508382	-0.7520956656739982	0.4910483481136371	-1.9705151159225165	-1.0815846954847488	-0.640165963181846	-0.4354251283188692	-0.223295176813882	0.266565656445534	0.0288933098080919	0.5867575006189889	-0.5504286180379538	-0.4446144854419384	-0.0377185163247139	-0.3919293380103305	-0.7859963662507247	-0.2042826408365662	0.4486766493062645	-0.1081483903173794	0.1161041572511715
20	-1.7028344504346211	-0.5832408642443054	0.2033136815302701	-1.1584485476253437	0.0453854826061962	-0.7803934833411551	-0.8779609457851265	0.8580322312869744	0.7253956030845169	-0.3124468151556647	0.6874275153725805	0.9243492761283509	-0.8955137746571674	-0.4148914636202651	1.2003274517515927	-0.43437883180048803	0.1969043594244316	0.5077424988804011	-0.6354638267312217	-0.2814704339489242
21	-3.2751381467699434	0.9884169588799276	1.6888023420754623	-1.7171043669770831	-0.6404415708689997	-1.0507870587814137	0.0441229837008072	2.545829103848876	1.0655647360604457	0.3817724457872877	-0.0369179164596371	-0.675682788006822	-0.1242852618837819	-0.2719062817902962	-0.0062440319940288	0.4836645165100041	-0.0308837961302554	-0.4919583427204323	0.1101842448992287	0.1887869759334063
22	-4.722926174073819	6.56914006836237	1.9116675275756043	-2.239893615177869	0.2317028676131778	1.1829509039316033	-0.0732475313857799	0.7292150912391171	-0.1120028690358423	-0.0713651509493926	-0.1224606465528891	-0.3743290878408834	-0.7016077472105244	0.3282862605762984	0.8693243796448524	-0.0780534992048306	-0.0076377856977847	0.6579566719139828	-0.7925363272473185	-0.9014205198665871
23	0.633689363796641	3.9974472667845666	0.7189101244467402	1.6767808285720651	1.7846735266375289	-1.7576497215256794	-2.0279890645810887	1.2867814894827343	-0.1086222104673253	-0.1988766902905737	-0.3509293282244271	-0.9116593875072612	-0.145740761917627	-1.0518689040352664	0.1467484022983235	0.6080448511516025	0.1838058795132625	-0.3414797365445374	0.3428477380662825	-0.2215965586656849
24	-4.0080210293202345	-0.7225280626727079	0.3723814617780245	-0.14456218736739002	-0.8878311087271588	-0.8567138600704463	0.0140641109114407	0.1539287244500771	-0.1485360299326605	-0.8250003063209367	-0.5564961173030121	0.1890385176131266	0.3783292146992393	-0.1315538195858152	0.35703337210747293	0.1339846148590315	0.1830982594403102	-0.1623915501525251	0.2546126617943085	0.2924616203003999
25	0.8614505394926153	4.408340914339028	-5.3189890046314945	5.237862411680075	-3.985965951917295	-0.0806649270554655	-2.020994571098876	-0.8013611680575152	0.1668198114544201	1.3377223787272952	0.2196148367986491	-1.0228065308475538	0.18726338622137398	0.3175954332314441	0.2048432679055195	0.8733680209827628	0.2796507309772123	0.4900047477152581	0.7658269549180813	-1.0271625819445809
26	-0.9871958133985638	2.8003457306230755	-2.1343399385741164	1.5893163288618692	-0.0718042673658964	-1.0226271261437143	-0.7279090880026235	0.6775590901136715	-0.4622279956608572	-1.3851429106272286	0.4597233545179567	-1.3282232323582537	-0.4075865569437646	-0.3408398805544614	-0.5806276430910627	-0.731359726861925	0.4617243483878472	0.4644205261588077	-0.9166127695371094	0.4119221105916106
27	-4.26842125120778	1.2765369804706634	-1.3519869568132246	-0.948430681820137	-0.1796833711303118	-0.3478384170934115	-0.3940458161640857	0.9310906712326896	-0.3776965702555804	-0.2544259153710818	-0.1191823760504401	0.7257917803189734	-0.1690713063200113	-0.2489379383701409	-0.1016787702364267	-0.7556851440816059	-0.1634363331458984	0.8127091067098154	-0.3452267989593638	-0.195579163339095
28	-5.080006123667187	0.5582946209151981	1.60312646626259	-1.4635076456367826	-0.6635324896955931	-1.0867540406662803	-1.4333460992834042	1.2934117347240028	1.1072824221823798	-0.1267772014691315	0.0728132817991246	-0.4237455382665016	-0.6824261597666026	-0.3359381946052893	-0.063853989483294	0.0511727928500122	-0.4045521190286757	0.0515987554194272	-0.5300715913986956	0.1657081684897228
29	4.5110997714605725	0.9257200551319048	0.3726057670679715	-3.300126079093629	0.8348708502595185	-1.900930901621955	1.9475543952047063	-0.5052807241775522	0.2007787291054492	-0.1739666234225307	0.2289615655086729	0.7066823714482624	0.0778832687173003	-0.4389608160285178	0.8595574370398044	-0.4907751084367777	-0.583510586118377	-0.0508297913838536	-0.1509997492480494	0.0274975106715939
30	-1.9565201634206373	1.7518938384368734	1.1337328950278278	-0.325342620047284	-0.0353832030861613	-1.3670123135943677	-0.7804228266554374	0.1389025766299312	0.4348526971694853	-0.2531088641548961	-0.2797463390678675	0.6943787570120222	-0.5365233204976854	-0.243124892708508	0.6090834771379656	-0.504056176591854	-0.468604525813609	0.3993119198837788	-0.4412007523285302	0.2630410263791458
31	2.5395988379706664	3.10439473315594	0.8083696834027125	-3.1412833765842314	1.1892356114056222	-2.47734735348945	0.3776794690628086	0.7394196853860164	-0.7063774591823517	-1.0458607905122193	0.7394285631553622	-0.2863688909643381	-0.2236608577595521	0.9487029581600508	0.4470259624218287	0.1457115466702518	-0.2569348455746847	0.3135591080180002	-1.0230478381654202	0.7235850336070341
32	3.188313537118688	1.0096557633988756	-2.0707993139477043	-1.4298981661435908	1.4592466206682269	0.7641237915792217	0.2430501405448238	-0.7940191021183475	0.6775405225600555	0.2523545795283543	-0.5207003396636354	0.1208888131356702	-0.2673182808702162	-0.8509120401795066	0.6932948741140468	-0.6250146477637508	0.6508038357891541	-0.5204499100381402	-0.0327405777794634	-0.4767578964938844
33	0.3085358082841813	3.1864991995731224	1.3690819525998577	2.060217834130687	-0.3087942563296392	-2.3784912504650992	-1.5492773306683634	-0.0078064471816775	0.23626378322504102	0.2316517317166058	0.0218099084803003	0.2470570555959897	0.7613173342163557	-0.3532086991863336	0.2033598360282762	-0.3453205380283881	0.133084887867903	0.5143591229842712	-0.0414635856756686	0.3543046137937043
34	0.2647979741198726	1.5492426073271763	-0.4957073842902809	2.8710429181308914	-0.3848243841267276	-1.1957548312443191	-1.7421667029387942	-0.3420263323841019	-0.4624000992142433	0.5448957016489567	-0.0549591903133039	-1.3537359756726202	-0.1287868048322227	0.3209654575947073	-0.8630264972077749	1.2422404327728849	0.0587621499925947	-0.0742388202671707	0.1561726206948088	0.6233193910458273
35	4.572202797593832	1.6561153382019331	-0.1801077516901701	1.109229924875201	-0.8916946098133215	0.1488903002965833	-0.2180876791396852	1.1481075519429276	0.2622042554951814	-1.2319274615260831	1.7769657098690883	1.3581777380870927	-0.8222945182045537	-0.0971765745427948	-0.8087928965884483	-0.3102586091614837	-0.2475056404797737	0.4334991421926389	-0.5268540156770729	-0.41752901067938897
36	-2.119010625113395	6.327155060913322	2.284149645246736	1.0494564520615102	2.4374155222631058	-0.572463646203596	-1.2755890572902555	1.0389478048468488	0.2573166141210188	-0.8591605663547279	-0.1447153640656257	-0.8114866992550076	0.2587191325404524	-1.4336003496728218	0.18844337553109303	-0.9191755560999452	-0.129385011787288	0.4435516556868565	-0.2132036590587852	0.1597504497359708
37	-0.1833759045059927	10.189950252765108	1.8275471748521528	0.7721327038506359	-0.8738583265101352	0.606572966054301	-0.9782884812013198	0.4087008394754403	-0.0353115329250035	-1.313579591772455	0.7498136156186646	-0.3179081387829782	0.0351710241366571	-0.9999460354981579	-0.0930024698210674	1.908446836757583	0.4837728758349624	0.1919693804582698	0.6025848239077041	0.3358235812758406
38	6.7456965882965765	-2.9422168693831465	-1.7155663356770936	2.841521288683969	-0.9519564260404773	4.802442139595598	-1.6601065510083148	-0.4520910470703047	2.3819746569314475	0.6193350554145358	1.2902062080718664	-0.8710001957786342	0.7952122671829293	0.7018424204779885	0.7655959871773131	1.4773995632073889	-0.0432369021438374	-0.5593417454183203	-0.6317427794499842	-0.3740272944978167
39	-4.884674183222437	6.850979471580208	3.2206093176684374	-2.3990269064383303	-0.6501605756431231	0.4838218878965898	-0.4469304621297045	-0.11763391066038499	-0.5729911994916017	-0.128014993597339	0.3219406044762187	-0.0758031815541223	-0.620008492884627	0.1723599122952132	0.7344904315832832	-0.5101807076493561	-0.2676191967372933	0.0988375506419568	-0.5262884637413338	1.3389582433333578
40	-1.7058458469452538	6.6350749434616505	-1.3098540822929	-0.36211790234103003	0.4638366182936599	1.4253443737065807	1.027774090055717	-1.5477354895306972	-0.0929484049585515	-0.8895568579621281	0.2375389022274971	0.3501440499819758	-1.0446236154223796	-1.0279547135525493	-0.4726257266337562	0.6719218450168606	-0.7284729546863695	0.1777246777627643	0.8567566973742519	0.1430901926719131
41	11.851430569518303	-0.5173084505606104	2.9522474509851224	-4.7500408380082915	-2.7255598265442744	0.0319326539659452	1.8126674993221008	1.271743744762402	-2.5098542227496066	-2.520085417830131	0.6665830283919671	-0.4859259487838407	0.7532753985971292	1.0056264029045423	-0.1614626912238516	-0.3970334394155694	-1.3710962492479173	-0.022959704869590997	0.2406269671394422	0.3450683392400792
42	-2.9772165465687968	7.314603068023554	-1.1791519652075042	-0.4902743360483856	1.7923331503121616	0.3788905371912315	1.9048911221632179	1.4901314277352455	0.3558845620093107	-0.4010874768150695	0.9226418269189166	-0.4710602390215184	-0.25731477997819896	0.3063696777123639	-0.2553613866967542	0.8749901512395928	-0.0733584173404221	0.9103814373680024	0.1701334902240057	-0.7586049874644271
43	-2.2357521159623976	-4.0126091209780155	-0.71168246560574	-0.4871436192983212	0.7632429404786162	-0.3790524901847105	1.4575395550770738	1.0007497346355227	-0.2291231118396811	0.3914227651251172	1.838156824215451	-0.3065758676331438	0.8471633402522816	-0.2667330830820977	-0.1241247134606038	-0.2152888588914634	0.0382187187652844	-0.0916173638144186	0.2172112517893274	-1.3929817026676103
44	5.383208815329295	1.8051901763559683	-1.9667828517576769	0.3916128301833249	-0.5085461581286723	0.6899751064190239	-1.2224329457093368	0.0396510410223335	1.0285940381494159	-0.0970382239232577	0.6265081500139563	0.019419498732956002	0.2639647573663494	0.5345688588799373	0.0796941649424614	-0.3436741648459726	0.6858282382317968	0.1118873363652584	-0.3201471970046182	0.0131194875252653
45	-0.7470787246349755	32.425097740945695	14.776622112302613	-0.7101287220688954	6.981983932100704	17.526612766324547	5.9253194031559655	12.898871293910961	-1.811977753254877	3.8335204161041294	0.7361244825032992	8.005923635367495	-0.2849242799375547	1.4704829422707386	2.841976625146508	-13.893111405640786	-0.5670537547813851	1.689163796181943	0.8061252524193921	-5.748028740853598
46	-0.9709450629583944	7.625933221255617	-2.072098456429186	1.858819999295859	0.8358793695206435	0.0937068915634856	0.7399895921265414	0.9868327532111868	-0.1433078143164481	-0.3534250387447987	0.5595928037798595	-0.1553416127686389	-0.2286470258520044	-0.9867847503200534	0.8560814178869454	-0.3700084598835385	0.2532524576014341	-0.1198538151762572	0.27901142785687605	0.1242845696033623
47	4.177216925103242	3.7255729935977926	-2.628837196214868	0.523233162945411	-0.0944284345895818	0.0185298956628797	-1.3568204371377026	-0.7633481332605893	0.9160177881500184	-0.2760143476043624	1.5592238270125078	0.3620554443808347	-0.3015000793040004	-0.1152525433363236	-0.4915094548860587	0.6781811297820601	0.1185559486080804	0.6080681710730614	0.1560983993428526	-0.1262354057152695
48	-6.796243070558956	3.9562014968369827	0.9044399458185088	-0.3368658634729394	-0.7965957158210417	0.7336902568337108	-0.4536115787921919	0.5439983625212472	-0.2724537258257475	-0.6530609544266366	-0.4686771575411854	-0.0819291479981788	0.8404198818017697	0.9935873291432804	0.2627445759935815	0.0118330931803665	0.0948755448071305	0.0493831466877791	-0.6327690832701346	-0.7530161124365305
49	-4.9297817113851705	3.2370777278085328	-0.1145641471538535	-0.3779503447958915	1.3036985655731526	0.5219640545500086	0.7205651294734117	-0.26388930243005604	0.0771559269337074	0.3648218283334583	-0.6485045120938533	-0.0392912240518456	-1.014202291333822	0.0609668064643742	0.4312168964353301	0.1090398978778092	-0.4523098383882126	-0.3866652502485	0.2662438152278238	-0.6834432318540058
50	14.964869576473033	2.5863113683695294	1.6764330885665526	-3.4955869653995735	-5.947772196107737	0.3637808717816587	0.1479986777826226	1.8142531672931488	-2.9617753022773927	-0.2931967697854148	-2.597698351556606	0.662297651685639	0.3166265413304199	2.7574504538737474	0.1325484925013769	-1.8428229351806202	0.3738571280866058	0.1784157633618122	0.5252684122428065	-0.4223580064727326
51	1.008391320736695	5.615196214119888	-0.5221945860142613	2.1336623178787417	0.7518394190363328	-0.8940097748332836	-1.1587436791861443	0.5402827616093708	1.2449717931589688	-0.2932041993937759	-0.7211370374606625	1.0900968662191564	-0.9650116840955464	-1.278645928879233	-0.014302013884193	0.0720143925674575	-0.3988574716042694	0.7061371601966728	0.0390249104132567	0.6287015022637185
52	2.2615247630524986	0.1450752905157901	-1.4568155942224417	-0.9622032097177738	-0.41884468862611396	-0.1500772651635374	-0.8529942652276099	-0.6259104157984758	0.6520503182967561	-1.1467382755979423	0.6990996335123713	0.4012169079650591	-1.3791514961333904	-0.4023621414773272	0.3995432579048881	-0.6193696996725941	0.216342031614945	-0.0053669101755511	0.2514599730153564	0.496472595362052
53	-6.945864878928775	5.211791434926822	0.6103573058305911	-2.1337724884218807	0.2228853298613328	3.1094235481861228	-0.3116288040556813	-0.3360024604765947	-0.2406504595362381	0.5662135124561305	-0.0882958238850324	0.4564070777448994	0.5932313260733462	0.0093564635964245	-0.8567290446143385	0.2752833862081822	0.0527662004657646	0.2489007333446518	-0.263458731230989	-0.4142771112679461
54	10.419857110742061	6.8163833028765906	-1.7397493553949486	0.7199549313089632	1.9666461519777179	-1.7118758289468927	-0.5924582339329314	7.289390753423017	-3.0978535850939406	4.267993422747347	-2.442934915016322	-0.1517760170287763	-1.6820235248571649	-0.046271834539260995	-1.3167660954820064	-1.853699718460004	0.4632653980774212	1.4916051130452774	2.5339950886657983	-0.1011923071465827
55	-1.4194115835670806	0.8546588279802979	-0.8574764075916332	0.4024664268069631	1.4349969476775803	-1.036022087963047	1.7882369716597273	-0.5478892110001703	1.6845879293841461	0.8014704994856621	-0.2156313777176795	0.4440063659149201	-0.5712711994642911	1.3044074929481195	-1.9138539841073008	-1.3111049570798612	-1.0570729020996312	-1.5934551773442305	0.2747538660164613	-0.6724281891836721
56	3.161583294916237	-2.9624699881922965	1.5465289116822778	-0.9094361364145452	-0.3277101351530669	-1.9445397536130133	-0.5617298646196689	2.2474726729184265	0.3073907407729628	0.1669057850107161	-1.2531627372947562	-0.7921680392163541	0.1069893592059702	-0.575446878457463	0.8246228135754208	0.4158156777284505	0.1193476227149959	-0.37709025338394203	-0.15315773579966002	-0.1348044434048356
57	-1.3160766770310677	2.1533674614185503	-3.6173886858649666	2.539222004247009	-1.9942033938960817	-2.4001545705442737	0.389014131170803	-1.206790211584656	0.1025551238241485	-0.870925843956856	-0.0491095814723798	-0.3767806476915533	0.4899389326040073	0.5580188051381832	-0.1614885329521478	0.7114447224271719	-0.3767559288640139	-0.3141524291670776	0.0089049546054203	-0.2051914743050802
58	-4.468931689601402	6.63521800197133	-0.4405192645178927	-0.0513388783182166	2.9295152285537323	2.7448267702245803	1.849211288059312	-1.7327998431092193	-0.8108015395095608	1.1694633754877537	-0.3773699846635923	-0.1845997102870701	-0.2671154080314127	0.5013625553883672	-0.3444863905526317	-0.2108012126018487	-0.9600514842372644	-0.0568697830092676	0.3038812337445606	-0.3277176078159285
59	0.4529973541671795	-0.6462549384196892	-0.7005846480420971	-3.1280651686164456	0.7294176149870375	-1.716065546425399	0.8736599071403278	0.7460772988319029	0.7244023979656355	0.7353381500362207	0.7130084197629035	-0.5487610533392451	0.3154498705817473	-0.3386627554822029	0.5077396835211776	0.4195513613242408	-0.3680154735759177	0.0814964325727965	-0.0058132988419617	0.1992423046437836
60	2.0667508914329185	-2.175907441762305	-1.7230043712932084	-0.0684732602779384	-0.1832373142235049	1.6956795364106743	-0.3108045807358866	-2.240575715885122	0.5739791156483258	-0.176467318129864	0.433162452827799	-1.0588976484863608	0.0531151022862386	0.3676049319056444	0.2196649405293613	-0.5022371964412692	0.253757564078152	-0.0266401913845358	0.5192835701830519	0.1602615286619446
61	-6.785164030106344	-1.137549275111612	-2.4256082042216804	-2.5263099042230226	-0.2628937826358044	0.5950882242801319	-0.1897409271760893	0.3300863654374513	0.318158034711291	0.3265276601012915	0.632252521742552	0.1986914992629377	0.303823809639024	-0.281200248900362	-1.0958928038981732	-0.1028972476629932	0.4125039526553514	-0.226533217628517	-0.5191364884749817	-0.2737784559004946
62	3.0133240775783015	10.700661561499194	-0.4048185584295972	-0.3686872661604422	-0.9277575292410852	1.6223716718980072	0.2081988208771053	0.2246360228244386	-1.2889047023620883	1.0178306365475822	0.8686831908237658	1.2032580233692562	1.1960646720232142	-0.9817309834188452	0.0743224387449082	0.1371222541351647	0.7341048961622121	-0.1877281361873707	0.1969956045015563	-0.0374949652519515
63	-3.747606672443964	3.398890469990297	-0.5790990417638775	-0.2460442486066202	0.42806763095984	-0.6768694598092926	0.6086455707644863	-0.0103825736038135	1.0012639489232216	0.4482469129374378	0.4667159599577583	-0.8025980512508748	0.2093019400860591	0.4084725661409204	0.1199227092560925	-0.3533827631632733	0.0563961106956577	0.4247783340277207	-0.1730313150310145	0.0040861531957307
64	-5.046756620485231	2.0011366079782924	-0.5316392137205426	-1.6137512361188149	0.0033257173759994	0.0140230318866801	-0.0293403762451672	1.0732684841141371	-0.1659022708336532	0.3624806975271635	-1.1153774874831304	-0.7058449859795182	-0.640135186936614	0.1297770794304859	0.0876140530792257	0.4005951553320215	-0.0439291600956388	0.642135448998225	0.0892951946694637	-0.1400375987930633
65	0.8046761751818663	0.1124394243762537	1.0605698235826946	-2.594681156109031	0.1177973860670236	-0.9426076353249764	0.6976610804783657	-0.5073894692561617	0.4725995229859412	0.4425726917692806	0.4590536066881198	-0.832095388740615	0.1520652597509472	-0.3249475607118407	0.9724158514611604	-0.0869021620323008	-0.2035056225314739	-0.0694136949922762	-0.1704499075816894	0.9886410223214545
66	5.157736369978361	12.723923176691766	-1.0076429888102671	-0.1033837573846494	-0.3335461928827703	2.863341595435155	2.0141910801276093	2.00269105392332	-1.1228141626834092	1.2705706845530451	0.7833407744236758	-0.2115157535224188	-0.90191295109935	-0.9830784335794314	-0.1937456791137759	-0.9019356268070092	0.8698679923696682	-0.1977762193432227	0.904449565341999	1.3574257672107843
67	10.049159884937575	6.184013344105325	-1.0489371801874925	-0.3694362933849031	0.6531388954434522	-1.6463960820581012	-1.015512357327363	1.046538611310338	-1.251500527201069	2.8335560289543658	-0.606105874168964	-0.6032185599645487	-0.5142264136703446	0.27347262766395897	0.8294626044073684	-1.802709564646356	1.554268683171948	0.0233371058504253	-0.1732131339023195	-0.287357240055037
68	2.8113226305513837	4.659953035715544	-2.6576655022966134	0.0524035353143658	0.2824922132129989	0.2102330195554944	-0.1358253978430048	-0.5542932884309905	0.533808050729825	-0.8366739473108534	1.0710442910189828	0.8486875981472745	0.1057236051762273	-0.9550178900767982	0.3518026060983346	-0.5278015415190704	0.44601103290276295	-0.0856951615428843	0.0158850321583286	0.2578069109251419
69	3.0959597757745074	0.2546133588097667	-1.1713684778392608	-2.2373255597511736	-0.0962618315653201	-0.90100917173267	-0.0804346792773219	1.0183905530852786	0.0525695472278975	-0.1988851468348037	-0.026510759622223	0.3967971141819771	-1.1585522518402631	0.7384395667049866	0.3955969845491063	-0.8587078938020196	-0.2700401480791058	0.5753801666630904	0.0349276142230537	-0.6201216025740837
70	-5.210139996077149	-1.6754639466183958	-1.7561627341077268	-0.4497687766439822	-1.2052198381638277	0.4727118148406229	0.3816370270368723	0.45073623045210703	-0.7834980555207941	-0.4595961711759063	-1.825025763402644	-0.1325091651540105	-0.5190643661270453	-0.1179873305153979	0.2331280708964486	0.4790250016257676	-0.3584408779721268	-0.2918916755191656	0.161919526569592	-0.6332585292767938
71	3.290737588408344	2.755620474620585	-3.1623847786484967	-0.2570504622378903	0.0531290426931956	0.5006727053177307	-1.2676471322157574	0.0051433189149767	1.7614792296589987	0.1595904879799909	0.335557650227563	0.6765745690449498	-1.1413281752649345	-0.3625056521673835	-0.0811389388196412	0.4775318872746187	0.3773129030563211	0.4626610934517088	-0.3282906400428843	0.0676728883590045
72	11.663323212353676	-1.0352875151537806	2.37079311221993	-3.8917348430589014	-1.8769039902391351	0.8473859136497734	0.3008579031218329	1.7801716547852	-1.0727102250466938	-0.8389351378495051	-3.2788941570739976	0.8989334289875235	0.4400862457341074	0.0668592117290277	-1.1962279868076309	-1.5797879717809955	-0.5144636868113374	0.3061512098087683	0.2720285109042328	-0.5660943080119805
73	1.5918693026500619	4.1326276761893626	-3.1439537596282183	4.968488253002287	-2.191981153432562	0.1486066969002982	-0.8890789055422839	-0.3433436779212808	0.8799499144521925	1.1212062738553763	1.1020954718855012	-0.4512684747411831	0.0764455990715526	0.3276189646638021	0.3317648689173665	0.0780327231855362	-0.1351009751562333	-0.548501703909878	0.9577616006957556	-0.2617835685510652
74	-0.8045090692054295	5.361238103966363	-3.357608358493967	3.9376128033635416	-1.832742610359806	-0.4005536528788729	-0.6003743992960306	-0.1475238709943321	0.5887660843040042	0.2087807684384898	-0.3908524085387101	-0.3676144155252529	0.2621636518119794	-0.6750045620855508	-0.09658031962415199	0.6070264698645246	-1.0520790192161502	-0.041078743282905	-0.2024161198564661	0.0527516805600361
75	-1.9517405714080616	12.039924297398242	1.6138999848408138	1.4087816265232231	-0.9221269662869211	3.486721924460407	-0.6636183792867154	0.15598570002234302	-0.5450231726856842	-0.9508169895881701	0.7559773761396116	-0.3777646234834397	-0.2739251591087589	-0.7497548900977904	-0.5542022841206322	0.2348949457721956	0.0477670319838248	0.0946942833776545	1.0555455059415104	-0.667485838804069
76	7.75060970671048	1.6038817565405719	-1.0625744368268284	2.9537066709676587	-2.2072765864506296	0.5735879845031749	-1.2437189509984157	3.6126583116310593	4.810144430081351	3.3887397503908048	-0.2094926477789671	0.9067451407196262	0.9661047544107759	1.0179921393068376	1.1710782529181336	1.2908192058446784	-0.1640245790059492	-0.8239818794961722	-0.6088968678429336	-0.8352020784088173
77	7.066615077115923	2.6885631260302043	-1.058693608582448	-1.6788080599581563	0.25733185221043403	-1.3006098078032022	0.2667618375248927	-0.9170447510515679	0.3338801287310685	-0.7459456059595092	0.1110469554571715	0.7514131452434837	-0.4976837050553328	0.297026544303292	-0.8312369331816798	0.3815883875940547	0.3767496769401181	-0.667987682205865	0.5008585617374397	-0.3172593214653702
78	12.83612601311713	6.338489651656147	1.683842419360648	12.07529746159452	4.725815722276165	-6.321926098079236	-2.8814833213296964	7.4861318067550675	0.9761457535533096	5.816381608526472	-1.8517186979548728	-3.414128853410365	-2.211629501790899	1.1081659919222675	-1.0012011294588337	-5.372486295475829	3.077406902911951	-2.8620575758160824	2.148542097799853	0.1701099219933797
79	-4.980095985015568	8.296858855766553	3.3104980450026065	-1.0407006816491842	0.8506817492083394	2.266771538971551	-0.0477016186508747	0.2886524137038364	-0.6064889969237768	0.0158018692292219	-0.2165235525090316	0.1204515309663835	-0.5994672572088214	0.0188714807913175	0.994701161734263	-0.0948074217393009	-0.5013078100520272	-0.1577796642975015	-0.0068177849968642	-0.3247676221738458
80	2.925755620944092	0.4585007440312195	-3.6327908992400832	-0.6006727631005259	0.2258500714352747	-0.2585872942870795	-1.0271053929980651	-0.0250202342937508	1.4433467380153369	-0.5808670268710578	-0.0193034263645036	1.8333522822646984	-1.1357336596182441	0.2964192210317409	0.378447676488932	0.8139250097145484	0.3746823737321302	0.0515307764730876	-0.4590865189591276	-0.3852278792493921
81	5.156005494064914	-2.521642129548063	-4.750912677670222	2.5963560056545516	-2.3263552060125106	2.721007229715454	-0.1873003416675188	1.8520095315341008	-0.4471502478128996	-0.0095021879781716	0.8558209939369079	0.3443237941172445	-0.0783726570370546	-0.37660644139423	0.0192126146688661	-1.0689737437470217	-1.0080945193453446	1.2945729221625624	0.0351940357862304	-0.0920337264046837
82	-2.150736727389935	4.264798666021711	-0.2383515959545588	1.005051037024575	0.4661597663927886	-0.6876574020645635	0.1340365069602291	0.8114671776798691	0.4321522162545696	-0.5433020156314166	-0.3841115343049001	1.0747732196588344	0.6058941652982505	-1.0078549684791442	0.9314634553326392	0.9111673444776964	-0.2932352296523596	0.1189977483258031	-0.0525266999906021	-0.0674631826040668
83	1.3047176112696854	7.703310418964947	-0.3655500416272171	-0.5700707717085981	2.198885038309848	0.6668842707881738	1.1932194964404352	0.7166732592808542	-0.4151995169721455	-1.3486242781611242	-0.2218930673342223	-0.3115788103059704	0.9765189385581364	-1.0807471779592583	-0.3649063679000103	-1.0838873776243234	0.6186304966666785	-0.1551655006358065	-0.7960916894443351	-0.23197625685319398
84	7.180449464023643	2.999448423167247	-3.1172966569778997	1.2721068200448078	-0.34141816981710704	3.018855252650217	-1.4056969930587786	1.2285973562481396	1.4719137301816347	0.9961279497240596	1.337653003926082	0.9612993936679513	1.494643401387946	0.3021542651343264	-0.2178234594155181	-0.1967757515712908	0.9738048594128552	-0.6200402845079258	-0.6028730270301349	-0.2763039357193978
85	5.070663011456445	2.7385007271305484	-4.1050282126234166	-0.1145757510463206	3.3676433726587134	0.7661627612342945	0.2027715171589935	0.2548466394323432	0.4021580084976822	0.3355866467856472	-1.2764004361335266	1.1460635011289872	-2.547577074874123	-0.3363126684555317	0.5768345919907109	0.3855705449582967	0.8985928476424814	-0.1118474004128874	0.9800749374868001	-0.0054413514941820005
86	7.1795275244713785	-3.1808563115147286	-0.8501054524963217	-0.3216226420028479	-0.5097476857383938	3.0399597373775316	-0.8845063083502669	0.4303089477601619	-0.2823206795797567	-0.907035914442142	0.0843546963757263	0.7671706456570364	0.5131992946478887	-0.7210489763693363	0.5871716505244184	0.1180345826531446	-0.9278172941440566	1.0824777100147525	-0.6051134801793445	0.3799614941370267
87	-1.9478649086165447	-0.7427575753489327	9.64247470555329	5.6596084574852625	1.363481909978863	-0.2745314356183068	-0.8588230054767126	-2.6475256235484927	0.0699726576237334	0.6039808485709971	-0.4341874233254229	0.2681322095399033	-0.8869228468618391	0.5061495897538202	-0.4699276958798946	-0.4594469305528568	0.3783374910892765	0.9017737473583864	0.6288224480350251	0.2020209412701815
88	-4.632033414853094	0.2182329155757227	1.6364409544920384	1.7699784951121753	5.249672906450178	1.755752831989137	0.0359461799631022	1.6448529814101844	-1.8178812557946056	0.3649881444982616	-2.250309915971485	-2.281594708219798	0.5880713076219726	0.5279395160731578	1.106584233222282	-0.3142747155220263	-0.3186196766056602	0.8948703580133798	1.0433804300250982	-0.5047130238048341
89	-6.83655733232607	0.7078929008517516	-2.8988600282053785	-0.8809650922935279	1.9780669065457857	2.9993798072272067	2.132105172231647	-0.9335875262196366	-1.009935084003469	1.0925506909134937	-2.5164269275771276	0.064126126185826	-0.33157617944654605	0.2176335872307387	0.8738677510971788	0.7878945662577848	0.2175465263913241	-0.7770171030765555	1.1608913400168768	-0.2803025878322513
90	12.536200833505793	-2.610507421934668	2.911763920331276	-1.0414583266273059	-2.5556942268657745	-1.197111775123185	1.8016355635627093	1.1013836382328088	-2.9560933434239978	-2.4298288553411393	-0.4126124625477128	0.5243998553467728	0.8619566880270719	-0.3901020403966499	0.3916074395632153	-0.609435438508348	-0.6433110330501347	-0.3518104047554121	0.4103537812692249	0.0265194025583482
91	-4.613838805536068	1.9273698476002603	-3.4901472342176296	-2.030072526646458	0.2964589211576837	1.952181181652123	2.2286846060423	-1.2215173860980195	0.6138974714673318	0.5823820945517748	-0.8330311119965754	-0.2583218570536569	-0.0850000304004118	0.6583300984368824	0.0523671946552175	0.6472717220382314	0.0231000724234278	0.407654420974697	0.4333158996247682	-0.7440408780260869
92	2.456252966797224	3.761486234418859	-1.8553901088642737	5.0642190763712716	1.3386296598956726	-1.3466899287676743	0.4901507205450302	-0.9106794661192044	0.5819557859858545	0.0385816482829453	-0.0310511422614563	-0.5081067882135734	-0.7549413202844318	1.9579767331272984	-0.4622822185549695	-1.7540355326141472	-0.6624094594290898	0.0171107008619291	0.6116982932678507	-0.5033668262222417
93	-1.306045188232526	0.2735123316515514	-3.8206989907483058	3.8367939118354446	1.01280608522744	-2.6846206232236614	4.006881642054602	1.196661334172961	1.001670012763683	-1.0315550617983047	-0.4748837633577017	0.6640050583666565	0.753972985070495	1.0497647953148597	-0.0017962921536559	1.7864653137808897	-0.6465250299149927	-0.4530590763030443	1.2027634794711275	0.0778161447632594
